1.496e+11 0
1.49578e+11 2.57299e+09
1.49512e+11 5.14563e+09
1.49402e+11 7.7172e+09
1.49248e+11 1.0287e+10
1.49049e+11 1.28542e+10
1.48807e+11 1.54183e+10
1.48521e+11 1.79783e+10
1.48191e+11 2.05336e+10
1.47817e+11 2.30833e+10
1.47399e+11 2.56267e+10
1.46937e+11 2.81631e+10
1.46432e+11 3.06916e+10
1.45883e+11 3.32115e+10
1.45291e+11 3.5722e+10
1.44655e+11 3.82224e+10
1.43977e+11 4.07119e+10
1.43256e+11 4.31897e+10
1.42492e+11 4.56551e+10
1.41687e+11 4.81074e+10
1.40839e+11 5.05459e+10
1.39949e+11 5.29697e+10
1.39017e+11 5.53783e+10
1.38044e+11 5.77708e+10
1.37031e+11 6.01465e+10
1.35976e+11 6.25049e+10
1.34881e+11 6.4845e+10
1.33746e+11 6.71663e+10
1.32571e+11 6.94681e+10
1.31357e+11 7.17497e+10
1.30104e+11 7.40104e+10
1.28812e+11 7.62495e+10
1.27482e+11 7.84664e+10
1.26114e+11 8.06604e+10
1.24709e+11 8.28309e+10
1.23266e+11 8.49772e+10
1.21787e+11 8.70988e+10
1.20272e+11 8.91949e+10
1.18721e+11 9.12649e+10
1.17134e+11 9.33083e+10
1.15513e+11 9.53245e+10
1.13858e+11 9.73128e+10
1.12169e+11 9.92727e+10
1.10446e+11 1.01204e+11
1.0869e+11 1.03105e+11
1.06903e+11 1.04976e+11
1.05083e+11 1.06817e+11
1.03232e+11 1.08626e+11
1.01351e+11 1.10403e+11
9.94393e+10 1.12149e+11
9.74981e+10 1.13861e+11
9.5528e+10 1.1554e+11
9.35295e+10 1.17186e+11
9.15032e+10 1.18797e+11
8.94497e+10 1.20374e+11
8.73696e+10 1.21915e+11
8.52636e+10 1.23421e+11
8.31322e+10 1.24891e+11
8.0976e+10 1.26324e+11
7.87958e+10 1.2772e+11
7.65922e+10 1.29079e+11
7.43658e+10 1.30401e+11
7.21173e+10 1.31684e+11
6.98474e+10 1.32929e+11
6.75566e+10 1.34136e+11
6.52458e+10 1.35303e+11
6.29155e+10 1.36431e+11
6.05666e+10 1.37519e+11
5.81995e+10 1.38567e+11
5.58152e+10 1.39575e+11
5.34142e+10 1.40542e+11
5.09973e+10 1.41468e+11
4.85652e+10 1.42353e+11
4.61185e+10 1.43197e+11
4.36581e+10 1.44e+11
4.11846e+10 1.4476e+11
3.86988e+10 1.45478e+11
3.62014e+10 1.46155e+11
3.36932e+10 1.46789e+11
3.11748e+10 1.4738e+11
2.86469e+10 1.47929e+11
2.61105e+10 1.48435e+11
2.35661e+10 1.48898e+11
2.10145e+10 1.49318e+11
1.84565e+10 1.49695e+11
1.58927e+10 1.50028e+11
1.3324e+10 1.50319e+11
1.07512e+10 1.50566e+11
8.1748e+09 1.5077e+11
5.59573e+09 1.5093e+11
3.01467e+09 1.51047e+11
4.32385e+08 1.5112e+11
-2.15039e+09 1.5115e+11
-4.73292e+09 1.51137e+11
-7.31446e+09 1.5108e+11
-9.89426e+09 1.5098e+11
-1.24716e+10 1.50837e+11
-1.50457e+10 1.50651e+11
-1.76159e+10 1.50421e+11
-2.01815e+10 1.50149e+11
-2.27416e+10 1.49834e+11
-2.52956e+10 1.49476e+11
-2.78428e+10 1.49075e+11
-3.03825e+10 1.48632e+11
-3.29138e+10 1.48147e+11
-3.54362e+10 1.47619e+11
-3.79489e+10 1.4705e+11
-4.04512e+10 1.46439e+11
-4.29424e+10 1.45786e+11
-4.54218e+10 1.45093e+11
-4.78887e+10 1.44358e+11
-5.03425e+10 1.43582e+11
-5.27825e+10 1.42766e+11
-5.5208e+10 1.4191e+11
-5.76183e+10 1.41013e+11
-6.00128e+10 1.40077e+11
-6.23907e+10 1.39102e+11
-6.47516e+10 1.38087e+11
-6.70947e+10 1.37034e+11
-6.94194e+10 1.35942e+11
-7.1725e+10 1.34812e+11
-7.4011e+10 1.33645e+11
-7.62767e+10 1.3244e+11
-7.85216e+10 1.31199e+11
-8.07449e+10 1.2992e+11
-8.29462e+10 1.28606e+11
-8.51249e+10 1.27256e+11
-8.72803e+10 1.2587e+11
-8.9412e+10 1.2445e+11
-9.15193e+10 1.22995e+11
-9.36017e+10 1.21506e+11
-9.56586e+10 1.19983e+11
-9.76896e+10 1.18427e+11
-9.96941e+10 1.16839e+11
-1.01672e+11 1.15218e+11
-1.03622e+11 1.13566e+11
-1.05543e+11 1.11883e+11
-1.07437e+11 1.10168e+11
-1.09301e+11 1.08424e+11
-1.11136e+11 1.0665e+11
-1.12941e+11 1.04847e+11
-1.14716e+11 1.03015e+11
-1.1646e+11 1.01154e+11
-1.18173e+11 9.92668e+10
-1.19854e+11 9.73522e+10
-1.21503e+11 9.5411e+10
-1.2312e+11 9.34439e+10
-1.24703e+11 9.14515e+10
-1.26254e+11 8.94343e+10
-1.27771e+11 8.73928e+10
-1.29254e+11 8.53278e+10
-1.30702e+11 8.32397e+10
-1.32116e+11 8.11291e+10
-1.33495e+11 7.89967e+10
-1.34839e+11 7.6843e+10
-1.36147e+11 7.46686e+10
-1.37419e+11 7.24742e+10
-1.38655e+11 7.02604e+10
-1.39855e+11 6.80276e+10
-1.41018e+11 6.57767e+10
-1.42144e+11 6.35082e+10
-1.43233e+11 6.12227e+10
-1.44284e+11 5.89208e+10
-1.45298e+11 5.66032e+10
-1.46274e+11 5.42705e+10
-1.47211e+11 5.19233e+10
-1.48111e+11 4.95623e+10
-1.48972e+11 4.7188e+10
-1.49794e+11 4.48012e+10
-1.50578e+11 4.24025e+10
-1.51323e+11 3.99925e+10
-1.52029e+11 3.75719e+10
-1.52695e+11 3.51412e+10
-1.53323e+11 3.27011e+10
-1.53911e+11 3.02524e+10
-1.54459e+11 2.77955e+10
-1.54968e+11 2.53312e+10
-1.55438e+11 2.28602e+10
-1.55867e+11 2.03829e+10
-1.56257e+11 1.79001e+10
-1.56608e+11 1.54125e+10
-1.56918e+11 1.29206e+10
-1.57188e+11 1.04251e+10
-1.57419e+11 7.92672e+09
-1.5761e+11 5.42596e+09
-1.57761e+11 2.92352e+09
-1.57873e+11 4.20027e+08
-1.57944e+11 -2.08389e+09
-1.57976e+11 -4.58759e+09
-1.57968e+11 -7.09045e+09
-1.57921e+11 -9.59185e+09
-1.57834e+11 -1.20912e+10
-1.57707e+11 -1.45878e+10
-1.57541e+11 -1.7081e+10
-1.57336e+11 -1.95704e+10
-1.57092e+11 -2.20551e+10
-1.56809e+11 -2.45347e+10
-1.56486e+11 -2.70086e+10
-1.56125e+11 -2.9476e+10
-1.55726e+11 -3.19365e+10
-1.55288e+11 -3.43893e+10
-1.54811e+11 -3.68341e+10
-1.54297e+11 -3.927e+10
-1.53744e+11 -4.16966e+10
-1.53154e+11 -4.41133e+10
-1.52526e+11 -4.65195e+10
-1.51861e+11 -4.89146e+10
-1.51158e+11 -5.12981e+10
-1.50419e+11 -5.36693e+10
-1.49643e+11 -5.60278e+10
-1.48831e+11 -5.83729e+10
-1.47982e+11 -6.07042e+10
-1.47097e+11 -6.30211e+10
-1.46177e+11 -6.5323e+10
-1.45221e+11 -6.76094e+10
-1.44231e+11 -6.98798e+10
-1.43205e+11 -7.21336e+10
-1.42145e+11 -7.43704e+10
-1.4105e+11 -7.65895e+10
-1.39922e+11 -7.87906e+10
-1.3876e+11 -8.09731e+10
-1.37564e+11 -8.31365e+10
-1.36336e+11 -8.52803e+10
-1.35075e+11 -8.74041e+10
-1.33782e+11 -8.95073e+10
-1.32456e+11 -9.15895e+10
-1.31099e+11 -9.36502e+10
-1.29711e+11 -9.56889e+10
-1.28292e+11 -9.77053e+10
-1.26843e+11 -9.96988e+10
-1.25363e+11 -1.01669e+11
-1.23854e+11 -1.03615e+11
-1.22315e+11 -1.05538e+11
-1.20748e+11 -1.07436e+11
-1.19152e+11 -1.09308e+11
-1.17527e+11 -1.11156e+11
-1.15876e+11 -1.12977e+11
-1.14196e+11 -1.14773e+11
-1.1249e+11 -1.16541e+11
-1.10758e+11 -1.18283e+11
-1.08999e+11 -1.19998e+11
-1.07215e+11 -1.21684e+11
-1.05406e+11 -1.23343e+11
-1.03572e+11 -1.24973e+11
-1.01714e+11 -1.26575e+11
-9.98318e+10 -1.28147e+11
-9.79266e+10 -1.2969e+11
-9.59985e+10 -1.31203e+11
-9.40481e+10 -1.32686e+11
-9.20758e+10 -1.34139e+11
-9.00821e+10 -1.35561e+11
-8.80674e+10 -1.36952e+11
-8.60322e+10 -1.38312e+11
-8.39771e+10 -1.3964e+11
-8.19025e+10 -1.40936e+11
-7.98089e+10 -1.422e+11
-7.76968e+10 -1.43432e+11
-7.55668e+10 -1.44631e+11
-7.34192e+10 -1.45798e+11
-7.12547e+10 -1.46931e+11
-6.90737e+10 -1.48031e+11
-6.68767e+10 -1.49098e+11
-6.46643e+10 -1.50131e+11
-6.24369e+10 -1.51129e+11
-6.01951e+10 -1.52094e+11
-5.79394e+10 -1.53024e+11
-5.56704e+10 -1.5392e+11
-5.33885e+10 -1.54782e+11
-5.10943e+10 -1.55608e+11
-4.87883e+10 -1.56399e+11
-4.6471e+10 -1.57155e+11
-4.41429e+10 -1.57876e+11
-4.18047e+10 -1.58562e+11
-3.94568e+10 -1.59212e+11
-3.70998e+10 -1.59826e+11
-3.47341e+10 -1.60404e+11
-3.23604e+10 -1.60947e+11
-2.99792e+10 -1.61453e+11
-2.75909e+10 -1.61924e+11
-2.51963e+10 -1.62358e+11
-2.27957e+10 -1.62756e+11
-2.03897e+10 -1.63118e+11
-1.79789e+10 -1.63443e+11
-1.55638e+10 -1.63733e+11
-1.3145e+10 -1.63985e+11
-1.07229e+10 -1.64201e+11
-8.29818e+09 -1.64381e+11
-5.87132e+09 -1.64524e+11
-3.44287e+09 -1.64631e+11
-1.01337e+09 -1.64701e+11
1.41664e+09 -1.64734e+11
3.84662e+09 -1.64731e+11
6.27604e+09 -1.64692e+11
8.70435e+09 -1.64616e+11
1.1131e+10 -1.64503e+11
1.35555e+10 -1.64355e+11
1.59773e+10 -1.64169e+11
1.83959e+10 -1.63948e+11
2.08106e+10 -1.6369e+11
2.32211e+10 -1.63397e+11
2.56267e+10 -1.63067e+11
2.8027e+10 -1.62701e+11
3.04214e+10 -1.62299e+11
3.28093e+10 -1.61862e+11
3.51903e+10 -1.61389e+11
3.75639e+10 -1.6088e+11
3.99295e+10 -1.60336e+11
4.22866e+10 -1.59757e+11
4.46346e+10 -1.59142e+11
4.69732e+10 -1.58493e+11
4.93017e+10 -1.57808e+11
5.16197e+10 -1.57089e+11
5.39266e+10 -1.56336e+11
5.6222e+10 -1.55548e+11
5.85054e+10 -1.54725e+11
6.07762e+10 -1.53869e+11
6.30339e+10 -1.52979e+11
6.52782e+10 -1.52056e+11
6.75084e+10 -1.51099e+11
6.97241e+10 -1.50109e+11
7.19248e+10 -1.49086e+11
7.41101e+10 -1.4803e+11
7.62794e+10 -1.46942e+11
7.84323e+10 -1.45822e+11
8.05684e+10 -1.44669e+11
8.26871e+10 -1.43485e+11
8.4788e+10 -1.4227e+11
8.68706e+10 -1.41023e+11
8.89346e+10 -1.39745e+11
9.09793e+10 -1.38437e+11
9.30045e+10 -1.37098e+11
9.50097e+10 -1.3573e+11
9.69943e+10 -1.34331e+11
9.89581e+10 -1.32903e+11
1.009e+11 -1.31446e+11
1.02821e+11 -1.29961e+11
1.0472e+11 -1.28446e+11
1.06595e+11 -1.26904e+11
1.08448e+11 -1.25333e+11
1.10278e+11 -1.23736e+11
1.12084e+11 -1.22111e+11
1.13865e+11 -1.20459e+11
1.15622e+11 -1.18781e+11
1.17354e+11 -1.17077e+11
1.1906e+11 -1.15347e+11
1.20741e+11 -1.13592e+11
1.22396e+11 -1.11812e+11
1.24025e+11 -1.10007e+11
1.25626e+11 -1.08178e+11
1.272e+11 -1.06326e+11
1.28747e+11 -1.0445e+11
1.30266e+11 -1.02551e+11
1.31757e+11 -1.00629e+11
1.3322e+11 -9.86857e+10
1.34653e+11 -9.67205e+10
1.36058e+11 -9.4734e+10
1.37433e+11 -9.27266e+10
1.38778e+11 -9.06988e+10
1.40093e+11 -8.8651e+10
1.41378e+11 -8.65837e+10
1.42632e+11 -8.44973e+10
1.43855e+11 -8.23923e+10
1.45047e+11 -8.02691e+10
1.46208e+11 -7.81281e+10
1.47337e+11 -7.59699e+10
1.48434e+11 -7.37949e+10
1.49499e+11 -7.16036e+10
1.50531e+11 -6.93965e+10
1.51531e+11 -6.71739e+10
1.52498e+11 -6.49365e+10
1.53432e+11 -6.26847e+10
1.54332e+11 -6.04189e+10
1.55199e+11 -5.81397e+10
1.56032e+11 -5.58476e+10
1.56831e+11 -5.35431e+10
1.57596e+11 -5.12266e+10
1.58327e+11 -4.88987e+10
1.59024e+11 -4.65598e+10
1.59686e+11 -4.42105e+10
1.60313e+11 -4.18513e+10
1.60905e+11 -3.94827e+10
1.61462e+11 -3.71053e+10
1.61984e+11 -3.47194e+10
1.62471e+11 -3.23257e+10
1.62922e+11 -2.99247e+10
1.63338e+11 -2.75169e+10
1.63718e+11 -2.51028e+10
1.64062e+11 -2.26829e+10
1.64371e+11 -2.02578e+10
1.64644e+11 -1.7828e+10
1.64881e+11 -1.5394e+10
1.65082e+11 -1.29564e+10
1.65246e+11 -1.05157e+10
1.65375e+11 -8.07238e+09
1.65468e+11 -5.62704e+09
1.65524e+11 -3.18019e+09
1.65544e+11 -7.32373e+08
1.65528e+11 1.71588e+09
1.65476e+11 4.16404e+09
1.65388e+11 6.61156e+09
1.65263e+11 9.05791e+09
1.65102e+11 1.15025e+10
1.64905e+11 1.39449e+10
1.64672e+11 1.63846e+10
1.64403e+11 1.88209e+10
1.64097e+11 2.12533e+10
1.63756e+11 2.36814e+10
1.63379e+11 2.61045e+10
1.62966e+11 2.85222e+10
1.62517e+11 3.09339e+10
1.62033e+11 3.33391e+10
1.61513e+11 3.57373e+10
1.60957e+11 3.81279e+10
1.60366e+11 4.05104e+10
1.5974e+11 4.28842e+10
1.59079e+11 4.52489e+10
1.58383e+11 4.7604e+10
1.57652e+11 4.99488e+10
1.56886e+11 5.2283e+10
1.56086e+11 5.46059e+10
1.55252e+11 5.69171e+10
1.54383e+11 5.92161e+10
1.5348e+11 6.15023e+10
1.52544e+11 6.37752e+10
1.51573e+11 6.60344e+10
1.5057e+11 6.82793e+10
1.49533e+11 7.05095e+10
1.48464e+11 7.27244e+10
1.47361e+11 7.49236e+10
1.46226e+11 7.71065e+10
1.45059e+11 7.92727e+10
1.4386e+11 8.14218e+10
1.42629e+11 8.35532e+10
1.41367e+11 8.56664e+10
1.40073e+11 8.7761e+10
1.38749e+11 8.98366e+10
1.37393e+11 9.18927e+10
1.36008e+11 9.39287e+10
1.34592e+11 9.59443e+10
